4
9
5
6
16
19
18
20
18
18
19
18
17
16
17
6
19
6
19
9
16
6
17
17
17
1
19
2
19
14
17
0
3
20
20
18
16
2
17
1
20
16
8
8
7
9
18
18
10
7
18
17
4
1
7
17
1
10
8
8
10
10
1
15
1
17
19
20
19
12
17
16
18
17
16
3
18
6
19
15
2
18
18
18
7
8
19
8
20
20
8
17
18
19
2
20
18
19
17
18
6
5
18
10
20
18
1
17
2
20
10
6
20
15
1
18
10
19
18
19
16
16
12
17
18
10
14
6
18
19
4
18
11
20
19
14
8
10
19
18
17
19
7
20
18
4
16
19
9
9
6
4
6
19
20
17
16
8
18
19
9
8
16
7
17
16
2
20
17
7
18
18
17
18
18
16
18
9
19
20
19
15
7
8
9
4
17
19
19
7
10
7
1
12
17
19
15
3
19
19
3
2
16
1
8
17
19
19
5
16
1
10
6
4
18
9
17
6
1
8
7
16
17
17
19
16
18
19
4
6
19
1
2
18
1
17
19
8
8
16
6
11
18
18
19
18
18
19
19
19
18
16
4
17
7
9
17
20
17
18
15
17
18
19
8
16
4
18
17
1
8
1
16
17
6
8
16
16
19
19
5
20
3
16
16
9
3
19
0
19
20
18
17
9
0
5
20
16
16
20
